#StripeID,rangenumber,BlockOffsetStart,BlockOffsetEnd
232 6 3145728 4194304 4194304 5242880 5242880 6291456 6291456 7340032 7340032 8388608 8388608 9162752
129 6 364544 1048576 1048576 2097152 2097152 3145728 3145728 4194304 4194304 5242880 5242880 6008832
87 7 2072576 2097152 2097152 3145728 3145728 4194304 4194304 5242880 5242880 6291456 6291456 7340032 7340032 7602176
830 6 3358720 4194304 4194304 5242880 5242880 6291456 6291456 7340032 7340032 8388608 8388608 9039872
657 6 3850240 4194304 4194304 5242880 5242880 6291456 6291456 7340032 7340032 8388608 8388608 9154560
499 7 3272704 4194304 4194304 5242880 5242880 6291456 6291456 7340032 7340032 8388608 8388608 9437184 9437184 9465856
506 6 3375104 4194304 4194304 5242880 5242880 6291456 6291456 7340032 7340032 8388608 8388608 9019392
91 7 1961984 2097152 2097152 3145728 3145728 4194304 4194304 5242880 5242880 6291456 6291456 7340032 7340032 8220672
777 6 2236416 3145728 3145728 4194304 4194304 5242880 5242880 6291456 6291456 7340032 7340032 7520256
532 7 3977216 4194304 4194304 5242880 5242880 6291456 6291456 7340032 7340032 8388608 8388608 9437184 9437184 10072064
923 7 950272 1048576 1048576 2097152 2097152 3145728 3145728 4194304 4194304 5242880 5242880 6291456 6291456 6987776
678 7 811008 1048576 1048576 2097152 2097152 3145728 3145728 4194304 4194304 5242880 5242880 6291456 6291456 6594560
833 6 3239936 4194304 4194304 5242880 5242880 6291456 6291456 7340032 7340032 8388608 8388608 8613888
635 7 901120 1048576 1048576 2097152 2097152 3145728 3145728 4194304 4194304 5242880 5242880 6291456 6291456 6934528
676 6 2838528 3145728 3145728 4194304 4194304 5242880 5242880 6291456 6291456 7340032 7340032 8200192
240 7 4173824 4194304 4194304 5242880 5242880 6291456 6291456 7340032 7340032 8388608 8388608 9437184 9437184 9596928
925 6 1191936 2097152 2097152 3145728 3145728 4194304 4194304 5242880 5242880 6291456 6291456 6868992
621 6 4526080 5242880 5242880 6291456 6291456 7340032 7340032 8388608 8388608 9437184 9437184 9900032
968 6 4096000 4194304 4194304 5242880 5242880 6291456 6291456 7340032 7340032 8388608 8388608 9416704
718 6 1241088 2097152 2097152 3145728 3145728 4194304 4194304 5242880 5242880 6291456 6291456 6889472
968 7 3731456 4194304 4194304 5242880 5242880 6291456 6291456 7340032 7340032 8388608 8388608 9437184 9437184 9928704
292 7 3571712 4194304 4194304 5242880 5242880 6291456 6291456 7340032 7340032 8388608 8388608 9437184 9437184 9560064
138 7 815104 1048576 1048576 2097152 2097152 3145728 3145728 4194304 4194304 5242880 5242880 6291456 6291456 6389760
544 7 2994176 3145728 3145728 4194304 4194304 5242880 5242880 6291456 6291456 7340032 7340032 8388608 8388608 8892416
972 7 1654784 2097152 2097152 3145728 3145728 4194304 4194304 5242880 5242880 6291456 6291456 7340032 7340032 7933952
316 7 2981888 3145728 3145728 4194304 4194304 5242880 5242880 6291456 6291456 7340032 7340032 8388608 8388608 8536064
541 6 4276224 5242880 5242880 6291456 6291456 7340032 7340032 8388608 8388608 9437184 9437184 10113024
672 6 4255744 5242880 5242880 6291456 6291456 7340032 7340032 8388608 8388608 9437184 9437184 9646080
934 7 2883584 3145728 3145728 4194304 4194304 5242880 5242880 6291456 6291456 7340032 7340032 8388608 8388608 8585216
249 6 2478080 3145728 3145728 4194304 4194304 5242880 5242880 6291456 6291456 7340032 7340032 7745536
351 6 2236416 3145728 3145728 4194304 4194304 5242880 5242880 6291456 6291456 7340032 7340032 7938048
34 6 2134016 3145728 3145728 4194304 4194304 5242880 5242880 6291456 6291456 7340032 7340032 8261632
385 6 3493888 4194304 4194304 5242880 5242880 6291456 6291456 7340032 7340032 8388608 8388608 9359360
179 7 974848 1048576 1048576 2097152 2097152 3145728 3145728 4194304 4194304 5242880 5242880 6291456 6291456 7045120
170 6 1691648 2097152 2097152 3145728 3145728 4194304 4194304 5242880 5242880 6291456 6291456 6987776
996 6 2514944 3145728 3145728 4194304 4194304 5242880 5242880 6291456 6291456 7340032 7340032 8093696
119 6 3190784 4194304 4194304 5242880 5242880 6291456 6291456 7340032 7340032 8388608 8388608 8458240
350 6 4771840 5242880 5242880 6291456 6291456 7340032 7340032 8388608 8388608 9437184 9437184 10371072
446 6 1163264 2097152 2097152 3145728 3145728 4194304 4194304 5242880 5242880 6291456 6291456 6889472
419 7 3411968 4194304 4194304 5242880 5242880 6291456 6291456 7340032 7340032 8388608 8388608 9437184 9437184 9588736
427 6 4935680 5242880 5242880 6291456 6291456 7340032 7340032 8388608 8388608 9437184 9437184 10346496
71 7 794624 1048576 1048576 2097152 2097152 3145728 3145728 4194304 4194304 5242880 5242880 6291456 6291456 6639616
34 7 892928 1048576 1048576 2097152 2097152 3145728 3145728 4194304 4194304 5242880 5242880 6291456 6291456 6311936
782 6 1286144 2097152 2097152 3145728 3145728 4194304 4194304 5242880 5242880 6291456 6291456 7282688
827 7 1245184 2097152 2097152 3145728 3145728 4194304 4194304 5242880 5242880 6291456 6291456 7340032 7340032 7507968
618 6 1589248 2097152 2097152 3145728 3145728 4194304 4194304 5242880 5242880 6291456 6291456 6963200
17 6 2854912 3145728 3145728 4194304 4194304 5242880 5242880 6291456 6291456 7340032 7340032 8388608
395 6 2510848 3145728 3145728 4194304 4194304 5242880 5242880 6291456 6291456 7340032 7340032 8003584
359 7 3067904 3145728 3145728 4194304 4194304 5242880 5242880 6291456 6291456 7340032 7340032 8388608 8388608 8990720
3 7 1761280 2097152 2097152 3145728 3145728 4194304 4194304 5242880 5242880 6291456 6291456 7340032 7340032 8048640
62 6 4861952 5242880 5242880 6291456 6291456 7340032 7340032 8388608 8388608 9437184 9437184 10170368
176 7 2830336 3145728 3145728 4194304 4194304 5242880 5242880 6291456 6291456 7340032 7340032 8388608 8388608 8445952
993 7 3702784 4194304 4194304 5242880 5242880 6291456 6291456 7340032 7340032 8388608 8388608 9437184 9437184 9846784
123 6 1679360 2097152 2097152 3145728 3145728 4194304 4194304 5242880 5242880 6291456 6291456 7094272
619 7 4169728 4194304 4194304 5242880 5242880 6291456 6291456 7340032 7340032 8388608 8388608 9437184 9437184 9879552
830 7 1294336 2097152 2097152 3145728 3145728 4194304 4194304 5242880 5242880 6291456 6291456 7340032 7340032 7528448
390 7 909312 1048576 1048576 2097152 2097152 3145728 3145728 4194304 4194304 5242880 5242880 6291456 6291456 6406144
594 6 1056768 2097152 2097152 3145728 3145728 4194304 4194304 5242880 5242880 6291456 6291456 7245824
736 6 4313088 5242880 5242880 6291456 6291456 7340032 7340032 8388608 8388608 9437184 9437184 10477568
742 6 3952640 4194304 4194304 5242880 5242880 6291456 6291456 7340032 7340032 8388608 8388608 9383936
577 7 3022848 3145728 3145728 4194304 4194304 5242880 5242880 6291456 6291456 7340032 7340032 8388608 8388608 9089024
466 6 425984 1048576 1048576 2097152 2097152 3145728 3145728 4194304 4194304 5242880 5242880 6139904
202 6 3739648 4194304 4194304 5242880 5242880 6291456 6291456 7340032 7340032 8388608 8388608 9084928
114 6 1769472 2097152 2097152 3145728 3145728 4194304 4194304 5242880 5242880 6291456 6291456 7237632
742 6 5038080 5242880 5242880 6291456 6291456 7340032 7340032 8388608 8388608 9437184 9437184 10289152
626 6 3051520 3145728 3145728 4194304 4194304 5242880 5242880 6291456 6291456 7340032 7340032 8339456
849 7 782336 1048576 1048576 2097152 2097152 3145728 3145728 4194304 4194304 5242880 5242880 6291456 6291456 6930432
991 6 4206592 5242880 5242880 6291456 6291456 7340032 7340032 8388608 8388608 9437184 9437184 9867264
234 6 4407296 5242880 5242880 6291456 6291456 7340032 7340032 8388608 8388608 9437184 9437184 10326016
393 6 53248 1048576 1048576 2097152 2097152 3145728 3145728 4194304 4194304 5242880 5242880 5705728
296 7 667648 1048576 1048576 2097152 2097152 3145728 3145728 4194304 4194304 5242880 5242880 6291456 6291456 6529024
761 6 3379200 4194304 4194304 5242880 5242880 6291456 6291456 7340032 7340032 8388608 8388608 9293824
229 7 667648 1048576 1048576 2097152 2097152 3145728 3145728 4194304 4194304 5242880 5242880 6291456 6291456 6529024
560 7 3096576 3145728 3145728 4194304 4194304 5242880 5242880 6291456 6291456 7340032 7340032 8388608 8388608 9216000
826 6 4329472 5242880 5242880 6291456 6291456 7340032 7340032 8388608 8388608 9437184 9437184 10244096
309 7 2478080 3145728 3145728 4194304 4194304 5242880 5242880 6291456 6291456 7340032 7340032 8388608 8388608 8466432
667 6 1638400 2097152 2097152 3145728 3145728 4194304 4194304 5242880 5242880 6291456 6291456 7106560
496 6 3174400 4194304 4194304 5242880 5242880 6291456 6291456 7340032 7340032 8388608 8388608 9191424
981 7 1720320 2097152 2097152 3145728 3145728 4194304 4194304 5242880 5242880 6291456 6291456 7340032 7340032 7614464
297 6 3215360 4194304 4194304 5242880 5242880 6291456 6291456 7340032 7340032 8388608 8388608 9289728
862 7 3035136 3145728 3145728 4194304 4194304 5242880 5242880 6291456 6291456 7340032 7340032 8388608 8388608 9023488
689 7 1642496 2097152 2097152 3145728 3145728 4194304 4194304 5242880 5242880 6291456 6291456 7340032 7340032 7778304
501 6 2252800 3145728 3145728 4194304 4194304 5242880 5242880 6291456 6291456 7340032 7340032 7663616
167 7 4177920 4194304 4194304 5242880 5242880 6291456 6291456 7340032 7340032 8388608 8388608 9437184 9437184 9564160
750 6 3518464 4194304 4194304 5242880 5242880 6291456 6291456 7340032 7340032 8388608 8388608 9326592
798 6 2297856 3145728 3145728 4194304 4194304 5242880 5242880 6291456 6291456 7340032 7340032 7782400
298 6 4227072 5242880 5242880 6291456 6291456 7340032 7340032 8388608 8388608 9437184 9437184 10043392
275 6 3452928 4194304 4194304 5242880 5242880 6291456 6291456 7340032 7340032 8388608 8388608 9273344
250 7 2060288 2097152 2097152 3145728 3145728 4194304 4194304 5242880 5242880 6291456 6291456 7340032 7340032 8060928
988 6 4231168 5242880 5242880 6291456 6291456 7340032 7340032 8388608 8388608 9437184 9437184 9990144
765 7 2093056 2097152 2097152 3145728 3145728 4194304 4194304 5242880 5242880 6291456 6291456 7340032 7340032 8294400
239 7 3084288 3145728 3145728 4194304 4194304 5242880 5242880 6291456 6291456 7340032 7340032 8388608 8388608 8736768
508 7 933888 1048576 1048576 2097152 2097152 3145728 3145728 4194304 4194304 5242880 5242880 6291456 6291456 6397952
397 6 1429504 2097152 2097152 3145728 3145728 4194304 4194304 5242880 5242880 6291456 6291456 6848512
798 7 376832 1048576 1048576 2097152 2097152 3145728 3145728 4194304 4194304 5242880 5242880 6291456 6291456 6512640
805 6 184320 1048576 1048576 2097152 2097152 3145728 3145728 4194304 4194304 5242880 5242880 5713920
624 6 2215936 3145728 3145728 4194304 4194304 5242880 5242880 6291456 6291456 7340032 7340032 7856128
89 6 3878912 4194304 4194304 5242880 5242880 6291456 6291456 7340032 7340032 8388608 8388608 9318400
470 7 774144 1048576 1048576 2097152 2097152 3145728 3145728 4194304 4194304 5242880 5242880 6291456 6291456 6606848
129 7 552960 1048576 1048576 2097152 2097152 3145728 3145728 4194304 4194304 5242880 5242880 6291456 6291456 6545408
327 6 700416 1048576 1048576 2097152 2097152 3145728 3145728 4194304 4194304 5242880 5242880 6021120
879 7 3072000 3145728 3145728 4194304 4194304 5242880 5242880 6291456 6291456 7340032 7340032 8388608 8388608 8601600
848 6 1933312 2097152 2097152 3145728 3145728 4194304 4194304 5242880 5242880 6291456 6291456 7331840
742 6 5029888 5242880 5242880 6291456 6291456 7340032 7340032 8388608 8388608 9437184 9437184 10346496
809 7 1863680 2097152 2097152 3145728 3145728 4194304 4194304 5242880 5242880 6291456 6291456 7340032 7340032 7774208
303 7 2740224 3145728 3145728 4194304 4194304 5242880 5242880 6291456 6291456 7340032 7340032 8388608 8388608 8732672
67 7 2916352 3145728 3145728 4194304 4194304 5242880 5242880 6291456 6291456 7340032 7340032 8388608 8388608 8396800
444 6 1314816 2097152 2097152 3145728 3145728 4194304 4194304 5242880 5242880 6291456 6291456 6889472
261 6 1245184 2097152 2097152 3145728 3145728 4194304 4194304 5242880 5242880 6291456 6291456 7303168
441 6 835584 1048576 1048576 2097152 2097152 3145728 3145728 4194304 4194304 5242880 5242880 6213632
547 7 688128 1048576 1048576 2097152 2097152 3145728 3145728 4194304 4194304 5242880 5242880 6291456 6291456 6393856
300 7 2826240 3145728 3145728 4194304 4194304 5242880 5242880 6291456 6291456 7340032 7340032 8388608 8388608 8437760
767 7 913408 1048576 1048576 2097152 2097152 3145728 3145728 4194304 4194304 5242880 5242880 6291456 6291456 6569984
968 6 479232 1048576 1048576 2097152 2097152 3145728 3145728 4194304 4194304 5242880 5242880 5828608
569 6 1429504 2097152 2097152 3145728 3145728 4194304 4194304 5242880 5242880 6291456 6291456 7041024
572 7 2473984 3145728 3145728 4194304 4194304 5242880 5242880 6291456 6291456 7340032 7340032 8388608 8388608 8400896
903 6 4194304 5242880 5242880 6291456 6291456 7340032 7340032 8388608 8388608 9437184 9437184 9945088
490 6 4718592 5242880 5242880 6291456 6291456 7340032 7340032 8388608 8388608 9437184 9437184 10190848
735 6 1150976 2097152 2097152 3145728 3145728 4194304 4194304 5242880 5242880 6291456 6291456 6565888
953 7 1888256 2097152 2097152 3145728 3145728 4194304 4194304 5242880 5242880 6291456 6291456 7340032 7340032 7405568
334 6 3420160 4194304 4194304 5242880 5242880 6291456 6291456 7340032 7340032 8388608 8388608 9117696
178 6 1130496 2097152 2097152 3145728 3145728 4194304 4194304 5242880 5242880 6291456 6291456 6725632
780 7 507904 1048576 1048576 2097152 2097152 3145728 3145728 4194304 4194304 5242880 5242880 6291456 6291456 6672384
711 7 2408448 3145728 3145728 4194304 4194304 5242880 5242880 6291456 6291456 7340032 7340032 8388608 8388608 8589312
424 7 3117056 3145728 3145728 4194304 4194304 5242880 5242880 6291456 6291456 7340032 7340032 8388608 8388608 9273344
708 7 3072000 3145728 3145728 4194304 4194304 5242880 5242880 6291456 6291456 7340032 7340032 8388608 8388608 9338880
752 6 2588672 3145728 3145728 4194304 4194304 5242880 5242880 6291456 6291456 7340032 7340032 8220672
272 6 1069056 2097152 2097152 3145728 3145728 4194304 4194304 5242880 5242880 6291456 6291456 7307264
859 7 4190208 4194304 4194304 5242880 5242880 6291456 6291456 7340032 7340032 8388608 8388608 9437184 9437184 10010624
650 7 1822720 2097152 2097152 3145728 3145728 4194304 4194304 5242880 5242880 6291456 6291456 7340032 7340032 7671808
582 6 1130496 2097152 2097152 3145728 3145728 4194304 4194304 5242880 5242880 6291456 6291456 7192576
844 7 3989504 4194304 4194304 5242880 5242880 6291456 6291456 7340032 7340032 8388608 8388608 9437184 9437184 10256384
127 6 3305472 4194304 4194304 5242880 5242880 6291456 6291456 7340032 7340032 8388608 8388608 9158656
32 7 3112960 3145728 3145728 4194304 4194304 5242880 5242880 6291456 6291456 7340032 7340032 8388608 8388608 8425472
518 7 2908160 3145728 3145728 4194304 4194304 5242880 5242880 6291456 6291456 7340032 7340032 8388608 8388608 8769536
384 6 1200128 2097152 2097152 3145728 3145728 4194304 4194304 5242880 5242880 6291456 6291456 6500352
850 6 667648 1048576 1048576 2097152 2097152 3145728 3145728 4194304 4194304 5242880 5242880 5939200
847 6 3764224 4194304 4194304 5242880 5242880 6291456 6291456 7340032 7340032 8388608 8388608 9392128
593 6 3567616 4194304 4194304 5242880 5242880 6291456 6291456 7340032 7340032 8388608 8388608 9076736
577 7 3125248 3145728 3145728 4194304 4194304 5242880 5242880 6291456 6291456 7340032 7340032 8388608 8388608 8593408
514 6 5042176 5242880 5242880 6291456 6291456 7340032 7340032 8388608 8388608 9437184 9437184 10366976
732 7 3002368 3145728 3145728 4194304 4194304 5242880 5242880 6291456 6291456 7340032 7340032 8388608 8388608 9015296
108 7 856064 1048576 1048576 2097152 2097152 3145728 3145728 4194304 4194304 5242880 5242880 6291456 6291456 6766592
488 7 1974272 2097152 2097152 3145728 3145728 4194304 4194304 5242880 5242880 6291456 6291456 7340032 7340032 7569408
488 7 2904064 3145728 3145728 4194304 4194304 5242880 5242880 6291456 6291456 7340032 7340032 8388608 8388608 8908800
955 7 3600384 4194304 4194304 5242880 5242880 6291456 6291456 7340032 7340032 8388608 8388608 9437184 9437184 9621504
383 6 1179648 2097152 2097152 3145728 3145728 4194304 4194304 5242880 5242880 6291456 6291456 6500352
951 7 507904 1048576 1048576 2097152 2097152 3145728 3145728 4194304 4194304 5242880 5242880 6291456 6291456 6406144
33 6 4276224 5242880 5242880 6291456 6291456 7340032 7340032 8388608 8388608 9437184 9437184 10006528
369 7 3072000 3145728 3145728 4194304 4194304 5242880 5242880 6291456 6291456 7340032 7340032 8388608 8388608 9326592
487 6 2527232 3145728 3145728 4194304 4194304 5242880 5242880 6291456 6291456 7340032 7340032 8130560
142 6 188416 1048576 1048576 2097152 2097152 3145728 3145728 4194304 4194304 5242880 5242880 5988352
802 7 2412544 3145728 3145728 4194304 4194304 5242880 5242880 6291456 6291456 7340032 7340032 8388608 8388608 8577024
598 7 3809280 4194304 4194304 5242880 5242880 6291456 6291456 7340032 7340032 8388608 8388608 9437184 9437184 9596928
861 6 2428928 3145728 3145728 4194304 4194304 5242880 5242880 6291456 6291456 7340032 7340032 8290304
412 7 3747840 4194304 4194304 5242880 5242880 6291456 6291456 7340032 7340032 8388608 8388608 9437184 9437184 10031104
672 7 4186112 4194304 4194304 5242880 5242880 6291456 6291456 7340032 7340032 8388608 8388608 9437184 9437184 9613312
919 7 2859008 3145728 3145728 4194304 4194304 5242880 5242880 6291456 6291456 7340032 7340032 8388608 8388608 9019392
139 7 3031040 3145728 3145728 4194304 4194304 5242880 5242880 6291456 6291456 7340032 7340032 8388608 8388608 8499200
734 7 3031040 3145728 3145728 4194304 4194304 5242880 5242880 6291456 6291456 7340032 7340032 8388608 8388608 9228288
481 7 1703936 2097152 2097152 3145728 3145728 4194304 4194304 5242880 5242880 6291456 6291456 7340032 7340032 7749632
559 6 1224704 2097152 2097152 3145728 3145728 4194304 4194304 5242880 5242880 6291456 6291456 6828032
516 6 741376 1048576 1048576 2097152 2097152 3145728 3145728 4194304 4194304 5242880 5242880 6053888
561 7 1822720 2097152 2097152 3145728 3145728 4194304 4194304 5242880 5242880 6291456 6291456 7340032 7340032 7716864
150 6 2125824 3145728 3145728 4194304 4194304 5242880 5242880 6291456 6291456 7340032 7340032 8208384
970 7 966656 1048576 1048576 2097152 2097152 3145728 3145728 4194304 4194304 5242880 5242880 6291456 6291456 6623232
14 6 3715072 4194304 4194304 5242880 5242880 6291456 6291456 7340032 7340032 8388608 8388608 9031680
735 6 2654208 3145728 3145728 4194304 4194304 5242880 5242880 6291456 6291456 7340032 7340032 8339456
321 6 45056 1048576 1048576 2097152 2097152 3145728 3145728 4194304 4194304 5242880 5242880 5345280
753 6 1073152 2097152 2097152 3145728 3145728 4194304 4194304 5242880 5242880 6291456 6291456 6348800
589 7 2605056 3145728 3145728 4194304 4194304 5242880 5242880 6291456 6291456 7340032 7340032 8388608 8388608 8478720
11 6 1789952 2097152 2097152 3145728 3145728 4194304 4194304 5242880 5242880 6291456 6291456 7122944
336 7 782336 1048576 1048576 2097152 2097152 3145728 3145728 4194304 4194304 5242880 5242880 6291456 6291456 6688768
424 6 0 1048576 1048576 2097152 2097152 3145728 3145728 4194304 4194304 5242880 5242880 5734400
890 6 4329472 5242880 5242880 6291456 6291456 7340032 7340032 8388608 8388608 9437184 9437184 9773056
523 7 4038656 4194304 4194304 5242880 5242880 6291456 6291456 7340032 7340032 8388608 8388608 9437184 9437184 9703424
938 7 937984 1048576 1048576 2097152 2097152 3145728 3145728 4194304 4194304 5242880 5242880 6291456 6291456 7061504
435 6 622592 1048576 1048576 2097152 2097152 3145728 3145728 4194304 4194304 5242880 5242880 6172672
149 7 3657728 4194304 4194304 5242880 5242880 6291456 6291456 7340032 7340032 8388608 8388608 9437184 9437184 9625600
672 6 2121728 3145728 3145728 4194304 4194304 5242880 5242880 6291456 6291456 7340032 7340032 7467008
419 6 229376 1048576 1048576 2097152 2097152 3145728 3145728 4194304 4194304 5242880 5242880 5885952
291 7 4091904 4194304 4194304 5242880 5242880 6291456 6291456 7340032 7340032 8388608 8388608 9437184 9437184 9465856
322 7 1888256 2097152 2097152 3145728 3145728 4194304 4194304 5242880 5242880 6291456 6291456 7340032 7340032 7467008
56 7 2592768 3145728 3145728 4194304 4194304 5242880 5242880 6291456 6291456 7340032 7340032 8388608 8388608 8667136
269 6 4378624 5242880 5242880 6291456 6291456 7340032 7340032 8388608 8388608 9437184 9437184 10264576
283 6 3403776 4194304 4194304 5242880 5242880 6291456 6291456 7340032 7340032 8388608 8388608 8691712
813 7 1769472 2097152 2097152 3145728 3145728 4194304 4194304 5242880 5242880 6291456 6291456 7340032 7340032 7446528
193 7 4145152 4194304 4194304 5242880 5242880 6291456 6291456 7340032 7340032 8388608 8388608 9437184 9437184 9621504
159 7 2002944 2097152 2097152 3145728 3145728 4194304 4194304 5242880 5242880 6291456 6291456 7340032 7340032 7905280
669 6 3645440 4194304 4194304 5242880 5242880 6291456 6291456 7340032 7340032 8388608 8388608 9060352
354 7 3883008 4194304 4194304 5242880 5242880 6291456 6291456 7340032 7340032 8388608 8388608 9437184 9437184 10170368
890 6 1146880 2097152 2097152 3145728 3145728 4194304 4194304 5242880 5242880 6291456 6291456 7151616
631 7 3932160 4194304 4194304 5242880 5242880 6291456 6291456 7340032 7340032 8388608 8388608 9437184 9437184 9519104
99 6 4349952 5242880 5242880 6291456 6291456 7340032 7340032 8388608 8388608 9437184 9437184 10055680
815 6 1355776 2097152 2097152 3145728 3145728 4194304 4194304 5242880 5242880 6291456 6291456 7303168
568 7 1851392 2097152 2097152 3145728 3145728 4194304 4194304 5242880 5242880 6291456 6291456 7340032 7340032 7593984
435 7 2830336 3145728 3145728 4194304 4194304 5242880 5242880 6291456 6291456 7340032 7340032 8388608 8388608 8491008
704 6 4722688 5242880 5242880 6291456 6291456 7340032 7340032 8388608 8388608 9437184 9437184 10231808
792 7 602112 1048576 1048576 2097152 2097152 3145728 3145728 4194304 4194304 5242880 5242880 6291456 6291456 6402048
455 6 1179648 2097152 2097152 3145728 3145728 4194304 4194304 5242880 5242880 6291456 6291456 7098368
