#StripeID,rangenumber,BlockOffsetStart,BlockOffsetEnd
0 10 0 65536 65536 131072 131072 196608 196608 262144 262144 327680 327680 393216 393216 458752 458752 524288 524288 589824 589824 655360
1 10 0 65536 65536 131072 131072 196608 196608 262144 262144 327680 327680 393216 393216 458752 458752 524288 524288 589824 589824 655360
2 10 0 65536 65536 131072 131072 196608 196608 262144 262144 327680 327680 393216 393216 458752 458752 524288 524288 589824 589824 655360
3 10 0 65536 65536 131072 131072 196608 196608 262144 262144 327680 327680 393216 393216 458752 458752 524288 524288 589824 589824 655360
4 10 0 65536 65536 131072 131072 196608 196608 262144 262144 327680 327680 393216 393216 458752 458752 524288 524288 589824 589824 655360
5 10 0 65536 65536 131072 131072 196608 196608 262144 262144 327680 327680 393216 393216 458752 458752 524288 524288 589824 589824 655360
6 10 0 65536 65536 131072 131072 196608 196608 262144 262144 327680 327680 393216 393216 458752 458752 524288 524288 589824 589824 655360
7 10 0 65536 65536 131072 131072 196608 196608 262144 262144 327680 327680 393216 393216 458752 458752 524288 524288 589824 589824 655360
8 10 0 65536 65536 131072 131072 196608 196608 262144 262144 327680 327680 393216 393216 458752 458752 524288 524288 589824 589824 655360
9 10 0 65536 65536 131072 131072 196608 196608 262144 262144 327680 327680 393216 393216 458752 458752 524288 524288 589824 589824 655360
10 10 0 65536 65536 131072 131072 196608 196608 262144 262144 327680 327680 393216 393216 458752 458752 524288 524288 589824 589824 655360
11 10 0 65536 65536 131072 131072 196608 196608 262144 262144 327680 327680 393216 393216 458752 458752 524288 524288 589824 589824 655360
12 10 0 65536 65536 131072 131072 196608 196608 262144 262144 327680 327680 393216 393216 458752 458752 524288 524288 589824 589824 655360
13 10 0 65536 65536 131072 131072 196608 196608 262144 262144 327680 327680 393216 393216 458752 458752 524288 524288 589824 589824 655360
14 10 0 65536 65536 131072 131072 196608 196608 262144 262144 327680 327680 393216 393216 458752 458752 524288 524288 589824 589824 655360
15 10 0 65536 65536 131072 131072 196608 196608 262144 262144 327680 327680 393216 393216 458752 458752 524288 524288 589824 589824 655360
16 10 0 65536 65536 131072 131072 196608 196608 262144 262144 327680 327680 393216 393216 458752 458752 524288 524288 589824 589824 655360
17 10 0 65536 65536 131072 131072 196608 196608 262144 262144 327680 327680 393216 393216 458752 458752 524288 524288 589824 589824 655360
18 11 0 65536 65536 131072 131072 196608 196608 262144 262144 327680 327680 393216 393216 458752 458752 524288 524288 545280 561664 589824 589824 655360
19 10 0 65536 65536 131072 131072 196608 196608 262144 262144 327680 327680 393216 393216 458752 507904 524288 524288 589824 589824 655360
20 10 0 65536 65536 131072 131072 196608 196608 262144 262144 327680 327680 393216 393216 458752 458752 524288 524288 589824 589824 655360
21 11 0 65536 65536 131072 131072 196608 196608 262144 262144 327680 327680 393216 393216 458752 458752 479232 483328 524288 524288 589824 589824 655360
22 10 0 65536 65536 131072 131072 196608 196608 262144 262144 327680 327680 393216 393216 458752 458752 524288 524288 589824 589824 655360
23 8 0 65536 65536 131072 131072 196608 196608 262144 262144 327680 327680 393216 393216 458752 458752 495616
25 6 40960 65536 65536 131072 131072 180224 245760 262144 262144 311296 454656 458752
26 9 40960 43008 69632 73728 143360 167936 221184 237568 249856 262144 270336 278528 335872 339968 487424 495616 630784 638976
27 6 73728 81920 282624 327680 327680 364544 573440 577536 593920 602112 651264 655360
28 4 4096 8192 114688 118784 229376 233472 548864 561152
29 5 172032 196608 196608 208896 225280 258048 274432 307200 405504 409600
30 7 45056 65536 65536 110592 118784 122880 217088 233472 389120 393216 409600 413696 462848 495616
31 3 270336 274432 307200 311296 647168 651264
32 2 8192 20480 65536 73728
33 8 65536 131072 131072 143360 241664 249856 360448 362496 368640 372736 450560 454656 466944 471040 548864 552960
34 6 229376 233472 262144 307200 364544 372736 528384 532480 622592 626688 630784 655360
35 8 0 65536 65536 131072 131072 139264 176128 180224 196608 258048 404992 413184 446464 458752 458752 499712
36 5 196608 208896 417792 421888 458752 524288 524288 540672 606208 618496
37 10 24576 65536 65536 81920 94208 98304 114688 118784 196608 200704 258048 262144 421888 425984 565248 566272 569344 573440 618496 622592
38 4 245760 253952 258048 262144 262144 323584 630784 634880
39 12 20480 32768 73728 77824 90112 102400 106496 131072 131072 192512 196608 200704 221184 225280 348160 352256 421888 425984 499712 503808 524288 532480 651264 655360
40 8 0 45056 49152 65536 286720 290816 331776 344064 360448 368640 520192 522240 532480 536576 544768 548864
41 5 0 65536 286720 327680 327680 331776 397312 417792 430080 434176
42 4 229376 233472 327680 393216 425984 430080 487424 491520
43 5 28672 32768 131072 196608 385024 389120 450560 454656 610304 614400
44 4 32768 65536 65536 102400 393216 458752 499712 503808
45 7 20480 28672 131072 196608 262144 269824 315392 319488 471040 483328 565248 589824 602112 630784
46 1 380928 393216
47 3 204800 208896 233472 241664 598016 606208
48 10 0 65536 65536 131072 131072 196608 196608 262144 262144 327680 327680 393216 393216 458752 458752 524288 524288 589824 589824 655360
49 10 0 65536 65536 131072 131072 196608 196608 262144 262144 327680 327680 393216 393216 458752 458752 524288 524288 589824 589824 655360
50 10 0 65536 65536 131072 131072 196608 196608 262144 262144 327680 327680 393216 393216 458752 458752 524288 524288 589824 589824 655360
51 8 49152 53248 282624 286720 294912 299008 315392 327680 327680 359424 512000 516096 540672 569344 614400 626688
52 10 69632 77824 155648 159744 225280 229376 364544 385024 487424 495616 532480 536576 569344 573440 589824 593920 598016 602112 647168 655360
53 5 0 57344 69632 73728 319488 327680 327680 335872 606208 610304
54 7 40960 61440 94208 131072 356352 360448 430080 434176 450560 458752 458752 466944 651264 655360
55 7 0 61440 73728 77824 303104 307200 466944 467968 495616 524288 524288 589824 589824 655360
56 8 0 65536 65536 131072 131072 196608 196608 262144 262144 327680 327680 372736 471040 475136 544768 548864
57 5 49152 65536 450048 458240 520192 521728 528384 532480 560640 564736
58 6 12288 16384 24576 28672 40960 45056 138752 146944 180224 184320 561152 565248
59 14 32768 36864 102400 104960 155648 159744 167936 172032 212992 217088 286720 290816 294912 299008 315392 319488 327680 331776 376832 380928 421888 458752 458752 516096 581632 585728 622592 655360
60 9 0 65536 65536 131072 131072 196608 196608 262144 262144 327680 327680 393216 393216 458752 458752 499712 507904 512000
61 9 106496 131072 131072 143360 155648 192512 217088 221184 229376 233472 385024 393216 393216 401408 512000 516096 651264 655360
62 4 0 28672 57344 65536 544768 589824 589824 598016
63 5 16384 20480 65536 131072 131072 196608 196608 262144 262144 307200
64 9 32256 36352 57344 60928 69120 73216 405504 407040 409600 413696 417792 458752 458752 495616 499712 503808 548864 552960
65 8 258048 262144 266240 270336 315392 319488 380928 389120 393216 397312 487424 516096 532480 536064 651264 655360
66 11 0 65536 65536 131072 131072 196608 196608 262144 262144 286720 290816 327680 327680 393216 393216 458752 458752 512000 536576 552960 589824 593920
67 3 0 4096 65536 69632 274432 276992
68 7 77824 81920 299008 327680 327680 393216 393216 458752 458752 524288 524288 589824 589824 655360
69 6 0 65536 65536 131072 229376 233472 245760 247296 421888 446464 507904 516096
70 4 77824 81920 385024 390144 401408 409600 471040 483328
71 2 360448 364544 372736 380928
72 5 303104 327680 327680 389120 413696 417792 438272 442368 598016 655360
73 10 94208 98304 110592 131072 131072 196608 196608 262144 262144 327680 327680 376832 389120 393216 393216 421888 430080 434176 524288 565248
74 6 36864 65536 65536 81920 196608 262144 262144 327680 327680 393216 626688 630784
75 5 20480 24576 61440 65536 356352 393216 393216 405504 409600 421888
76 8 45056 61440 102400 110592 262656 263168 282624 327680 327680 393216 393216 454656 532480 589824 589824 655360
77 9 0 65536 65536 131072 131072 196608 196608 262144 262144 327680 327680 393216 393216 401408 425984 458752 458752 491520
78 10 77824 131072 131072 192512 303104 303616 307200 311296 454656 458752 458752 471040 557056 589824 589824 610304 630784 638976 651264 655360
79 8 0 8192 16384 20480 28672 45056 65536 69632 73728 94208 192512 196608 196608 200704 552960 569344
80 3 73728 77824 466944 507904 536576 540672
81 6 65536 98304 143360 147456 176128 180224 184320 196608 196608 225280 577536 581632
82 6 294912 311296 376832 393216 393216 413696 503808 524288 524288 536576 569344 585728
83 4 172032 176128 208896 225280 258048 262144 262144 274432
84 7 45056 57344 118784 122880 159744 163840 192512 196608 327680 389120 466944 499712 589824 606208
85 7 90112 131072 131072 196608 196608 262144 262144 286720 339968 344064 454656 458752 610304 622592
86 11 0 36864 45056 49152 53248 65536 65536 90112 229376 233472 315392 319488 373248 393216 393216 458752 458752 524288 524288 589824 589824 655360
87 11 0 65536 65536 131072 131072 196608 196608 237568 241664 262144 303104 327680 327680 393216 393216 458752 458752 524288 524288 589824 589824 655360
88 10 0 65536 65536 131072 131072 196608 196608 262144 262144 327680 327680 393216 393216 438272 507904 512000 581632 585728 589824 622592
89 8 16384 65536 65536 98304 200704 204800 393216 397312 442368 454656 512000 516096 536576 589824 589824 655360
90 10 0 65536 65536 131072 131072 196608 196608 262144 262144 327680 327680 393216 393216 458752 458752 524288 524288 589824 589824 655360
91 10 0 65536 65536 131072 131072 196608 196608 262144 262144 327680 327680 393216 393216 458752 458752 524288 524288 589824 589824 655360
92 10 0 65536 65536 131072 131072 196608 196608 262144 262144 327680 327680 393216 393216 458752 458752 524288 524288 589824 589824 655360
93 7 0 65536 65536 131072 131072 196608 196608 217088 290304 294400 397312 401408 454656 458752
94 4 307200 327680 327680 372736 409600 413696 634368 638464
95 3 196608 200704 572416 572928 589824 622592
96 4 0 8192 106496 109056 204800 208896 622592 626688
97 4 335872 393216 393216 458752 458752 524288 524288 557056
98 11 24576 53248 61440 65536 65536 122880 229376 233472 286720 307200 462848 479232 524288 544768 565248 589824 589824 602112 602624 606208 622592 630784
99 3 573440 577536 602112 622592 638976 643072
100 3 303104 319488 335872 352256 495616 499712
101 5 188416 196608 221184 237568 389120 393216 528384 532480 561152 569344
102 7 24576 32768 126976 131072 200704 204800 208896 212992 225280 262144 262144 286720 462848 466944
103 11 16384 20480 24576 28672 32768 53248 57344 61440 90112 94208 122880 131072 131072 135168 212992 217088 462336 466432 540672 548864 638976 643072
104 3 0 512 352256 356352 626688 630784
105 6 16384 20480 323584 327680 380928 389120 434176 438272 450560 454656 622592 626688
106 6 77824 81920 266240 270336 430080 434176 471040 475136 618496 622592 634880 638976
107 7 106496 110592 339968 344064 380416 384512 393216 397312 454656 458752 548864 589824 589824 655360
108 8 0 57344 143360 176128 299008 327680 327680 393216 393216 458752 458752 524288 524288 589824 589824 655360
109 6 0 4096 94208 110592 159744 163840 258048 262144 262144 270336 438272 442368
110 4 299008 303104 368640 372736 536576 589824 589824 655360
111 10 0 65536 65536 131072 131072 196608 196608 262144 262144 327680 327680 393216 393216 458752 458752 524288 524288 589824 589824 655360
112 10 0 65536 65536 131072 131072 196608 196608 262144 262144 327680 327680 393216 393216 458752 458752 524288 524288 589824 589824 655360
113 10 0 65536 65536 126976 131072 196608 196608 262144 262144 327680 327680 393216 393216 458752 458752 524288 524288 589824 589824 655360
114 10 0 65536 65536 131072 131072 196608 196608 262144 262144 327680 327680 393216 393216 458752 458752 524288 524288 589824 589824 655360
115 8 0 65536 65536 81920 180224 184320 262144 266240 274432 282624 557056 585728 593920 606208 638976 651264
116 10 151552 155648 163840 167936 225280 229376 278528 279552 290816 294912 307200 323584 372736 376832 389120 393216 483328 524288 557056 581632
117 7 12288 16384 135168 139264 143360 151552 163840 196608 196608 229376 360448 372736 421888 454656
118 8 24576 32768 188416 196608 196608 208896 327680 331776 385024 393216 450560 454656 593920 598016 651264 655360
119 10 32256 48640 98304 102400 106496 110592 131072 196608 249856 258048 262144 264704 327680 348160 433664 437760 581632 589824 589824 622592
120 3 81920 86016 483328 503808 532480 565248
121 9 4096 17408 139264 143360 172032 188416 360448 373760 401408 413696 430080 442368 471040 475136 618496 622592 651264 655360
122 21 184320 188416 233472 237568 323584 327680 327680 339968 364544 368640 372736 389120 393216 417792 421888 458752 458752 466944 475136 483328 495616 520192 532480 540672 544768 548864 565248 581632 585728 589824 589824 593920 598016 599552 602112 606208 610304 614400 618496 626688 634880 638976
123 6 94208 102400 106496 114688 290816 294912 307200 311296 376320 384512 532480 536576
124 9 86016 90112 208896 225280 245760 253952 311296 327680 327680 331776 425984 434176 475136 479232 512000 516096 524288 528384
125 6 102400 131072 131072 172032 176128 188416 360448 368640 577536 589824 589824 614400
126 9 65536 69632 94208 131072 131072 135168 204800 212992 372736 376832 516096 524288 524288 573440 581632 582656 589824 655360
127 4 20480 24576 192512 196608 270336 286720 630784 638976
128 10 0 65536 65536 81920 131072 196608 196608 262144 262144 327680 327680 339968 417792 430080 483328 487424 548864 552960 614400 618496
129 6 143360 151552 212992 214528 233472 237568 344064 348160 421888 434176 512000 516096
130 11 12288 16384 36864 65024 110592 118784 143360 147456 262144 266240 315392 319488 393216 401408 409600 413696 421888 434176 475136 479232 565248 569344
131 5 319488 323584 458752 462848 475136 495616 614400 618496 643072 647168
132 4 196608 233472 425984 430080 524288 548864 638976 643072
133 4 266240 282624 356352 393216 393216 409600 528384 544768
134 5 217088 233472 376832 389120 433664 437760 458752 462848 479232 483328
135 17 69632 73728 77824 78848 327680 356352 430080 434176 438272 450560 454656 458752 458752 471040 475136 491520 495616 524288 524288 528384 532480 536576 544768 557056 565248 569344 577536 585728 606208 622592 638976 647168 651264 655360
136 2 4096 8192 69632 102400
137 8 86016 90112 131072 167936 196608 217088 405504 421888 466944 479232 483328 524288 524288 548864 626688 634880
138 11 57344 65536 65536 77824 98304 102400 167936 172032 258048 262144 262144 307200 315392 319488 348160 352256 466944 467968 552960 589824 589824 598016
139 6 73728 86016 196608 197632 266240 291840 421888 425984 544768 546304 561152 589824
140 5 151552 155648 208896 233472 356352 393216 393216 401408 450560 454656
141 9 81920 126976 131072 135168 172032 176128 249856 253952 352256 356352 380928 385024 458752 462848 475136 491520 618496 626688
142 8 16384 20480 28672 45056 122880 131072 131072 196608 270336 274432 454656 458752 589824 606208 638976 643072
143 4 139264 147456 233472 237568 360448 364544 487424 491520
144 4 8192 12288 69632 72192 507904 512000 552960 561152
145 18 196096 196608 196608 200192 225280 229376 270336 274432 344064 380928 430080 434176 438272 442368 491520 495616 503808 507904 512000 520192 524288 528384 532480 540672 544768 548864 552960 565248 573440 589824 602112 610304 622592 630784 634880 643072
146 16 4096 12288 16384 20480 40960 53248 57344 65536 65536 69632 77824 86016 94208 102400 106496 110592 122880 131072 135168 143360 147456 151552 155648 159744 216576 224768 286720 294912 327680 393216 393216 405504
147 17 274432 282624 286720 294912 307200 315392 323584 327680 397312 405504 409600 417792 430080 438272 446464 450560 458752 462848 487424 491520 495616 499712 507904 512000 520192 524288 577536 589824 598016 606208 614400 618496 622592 626688
148 12 49152 57344 61440 65536 77824 98304 151552 155648 159744 163840 196608 262144 262144 327680 327680 393216 393216 458752 458752 524288 524288 589824 589824 655360
149 10 0 65536 65536 131072 131072 196608 196608 262144 262144 327680 327680 393216 393216 458752 458752 524288 524288 589824 589824 655360
150 8 0 65536 65536 73728 462848 466944 471040 475136 483328 491520 524288 540672 557056 589824 589824 643072
151 14 8192 12288 20480 32768 40960 45056 49152 53248 65536 69632 73728 77824 262144 327680 327680 356352 364544 376832 393216 397312 409600 413696 622592 626688 630784 634880 647168 651264
152 4 0 4096 8192 12288 16384 20480 28672 32768
153 5 110592 114688 217088 249856 282624 299008 307200 311296 593920 602112
154 12 49152 53248 90112 98304 131072 163840 167936 180224 217088 221184 249856 255488 352256 360448 364544 368640 487424 491520 552960 557056 622592 623104 626688 634880
155 5 8192 8704 12288 16384 28672 32768 634880 643072 651264 655360
156 15 8192 12288 20480 24576 32768 40960 49152 53248 57344 65536 65536 69632 73728 90112 94208 98304 102400 106496 118784 131072 131072 135168 335872 336896 565248 569344 598016 602112 647168 651264
157 3 106496 110592 143360 147456 163840 165888
158 11 16384 53248 69632 106496 201728 215040 225280 237568 303104 307200 311296 319488 327680 331776 348160 352256 356352 360448 364544 368640 462336 466432
159 5 122880 131072 233472 237568 266240 294912 323584 327680 623104 655360
160 10 0 65536 65536 131072 131072 196608 196608 262144 262144 327680 327680 393216 393216 458752 458752 524288 524288 589824 589824 655360
161 10 0 65536 65536 131072 131072 196608 196608 262144 262144 327680 327680 393216 393216 458752 458752 524288 524288 589824 589824 655360
162 10 0 65536 65536 131072 131072 196608 196608 262144 262144 327680 327680 393216 393216 458752 458752 524288 524288 589824 589824 655360
163 10 0 65536 65536 131072 131072 196608 196608 262144 262144 327680 327680 393216 393216 458752 458752 524288 524288 589824 589824 655360
164 10 0 65536 65536 131072 131072 196608 196608 262144 262144 327680 327680 393216 393216 458752 458752 524288 524288 589824 593920 655360
165 10 0 65536 65536 131072 131072 196608 196608 262144 262144 327680 327680 393216 393216 458752 458752 524288 524288 589824 589824 655360
166 10 0 65536 65536 131072 131072 168448 233984 262144 262144 327680 327680 393216 393216 458752 458752 524288 524288 589824 589824 655360
167 10 0 65536 65536 131072 131072 196608 196608 262144 262144 327680 327680 393216 393216 458752 458752 524288 524288 589824 589824 655360
168 10 0 65536 65536 131072 131072 196608 196608 262144 262144 327680 327680 393216 393216 458752 458752 524288 524288 589824 589824 655360
169 10 0 65536 65536 131072 131072 196608 196608 262144 262144 327680 327680 393216 393216 458752 458752 524288 524288 589824 589824 655360
170 10 0 65536 65536 131072 131072 196608 196608 262144 262144 327680 327680 393216 393216 458752 458752 524288 524288 589824 589824 655360
171 11 0 65536 65536 131072 131072 196608 196608 200704 204800 262144 262144 327680 327680 393216 393216 458752 458752 524288 524288 589824 589824 655360
172 10 0 65536 65536 131072 131072 196608 196608 262144 262144 327680 327680 393216 393216 434688 500224 524288 524288 589824 589824 655360
173 10 0 65536 65536 131072 131072 196608 196608 262144 262144 327680 327680 393216 393216 458752 458752 524288 524288 589824 589824 655360
174 10 0 65536 65536 131072 131072 196608 196608 262144 262144 327680 327680 393216 393216 458752 458752 524288 524288 589824 589824 655360
175 10 0 65536 65536 131072 131072 196608 196608 262144 262144 327680 327680 393216 393216 458752 458752 524288 524288 589824 589824 613888
176 7 196608 262144 262144 327680 327680 393216 393216 458752 458752 524288 524288 589824 589824 655360
177 10 0 65536 65536 131072 131072 196608 196608 262144 262144 327680 327680 393216 393216 458752 458752 524288 524288 589824 589824 655360
178 10 0 65536 65536 131072 131072 196608 196608 262144 262144 327680 327680 393216 393216 458752 458752 524288 524288 589824 589824 655360
179 7 118784 122880 323584 327680 475136 487424 540672 565248 577536 589824 589824 593920 614400 622592
180 11 69632 77824 159744 176128 290816 294912 339968 356352 385024 393216 442368 446464 458752 471040 475136 479232 491520 495616 499712 507904 589824 647168
181 5 20480 24576 32768 40960 151552 155648 167936 172032 299008 303104
182 7 217600 262144 262144 327680 327680 393216 393216 458752 458752 524288 524288 589824 589824 655360
183 11 0 65536 65536 98304 110592 131072 131072 196608 196608 262144 262144 327680 327680 393216 393216 458752 458752 524288 524288 589824 589824 655360
184 11 0 65536 65536 131072 131072 196608 196608 200704 204800 262144 262144 327680 327680 393216 393216 458752 458752 524288 524288 589824 589824 655360
185 7 0 65536 65536 131072 131072 196608 196608 262144 262144 327680 327680 352256 393216 458752
186 8 36864 40960 208896 262144 262144 327680 327680 393216 393216 458752 458752 491520 557056 561152 573440 581632
187 6 40960 49152 262144 266240 270336 274432 565248 569344 610304 614400 622592 630784
188 10 69632 94208 221184 253952 274432 286720 311296 327680 327680 344064 389120 393216 393216 397312 466944 471040 516096 520192 540160 544256
189 2 8192 12288 352256 356352
190 4 258048 262144 262144 270336 294912 327680 327680 364544
191 4 266240 282624 327168 327680 327680 331264 610304 614400
192 9 65536 131072 339968 393216 393216 397312 417792 430080 475136 479232 483328 491520 544768 552960 614400 622592 643072 651264
193 9 159744 196608 196608 262144 262144 290816 331776 344064 389120 393216 393216 458752 458752 524288 585728 589824 589824 651264
194 7 73728 131072 131072 196608 196608 262144 262144 327680 327680 393216 397312 409600 499712 503808
195 2 180224 184320 462848 466944
196 5 147456 149504 225280 229376 278528 294912 319488 327680 327680 364544
197 3 20480 28672 77824 86016 159744 163840
198 2 335872 337408 585728 587264
199 3 98304 102400 182272 182784 393216 458752
200 3 163840 196608 196608 208896 237568 241664
