#StripeID,rangenumber,BlockOffsetStart,BlockOffsetEnd
0 10 0 65536 65536 131072 131072 196608 196608 262144 262144 327680 327680 393216 393216 458752 458752 524288 524288 589824 589824 655360
1 10 0 65536 65536 131072 131072 196608 196608 262144 262144 327680 327680 393216 393216 458752 458752 524288 524288 589824 589824 655360
2 10 0 65536 65536 131072 131072 196608 196608 262144 262144 327680 327680 393216 393216 458752 458752 524288 524288 589824 589824 655360
3 10 0 65536 65536 131072 131072 196608 196608 262144 262144 327680 327680 393216 393216 458752 458752 524288 524288 589824 589824 655360
4 10 0 65536 65536 131072 131072 196608 196608 262144 262144 327680 327680 393216 393216 458752 458752 524288 524288 589824 589824 655360
5 10 0 65536 65536 131072 131072 196608 196608 262144 262144 327680 327680 393216 393216 458752 458752 524288 524288 589824 589824 655360
6 10 0 65536 65536 131072 131072 196608 196608 262144 262144 327680 327680 393216 393216 458752 458752 524288 524288 589824 589824 655360
7 10 0 65536 65536 131072 131072 196608 196608 262144 262144 327680 327680 393216 393216 458752 458752 524288 524288 589824 589824 655360
8 10 0 65536 65536 131072 131072 196608 196608 262144 262144 327680 327680 393216 393216 458752 458752 524288 524288 589824 589824 655360
9 10 0 65536 65536 131072 131072 196608 196608 262144 262144 327680 327680 393216 393216 458752 458752 524288 524288 589824 589824 655360
10 10 0 65536 65536 131072 131072 196608 196608 262144 262144 327680 327680 393216 393216 458752 458752 524288 524288 589824 589824 655360
11 10 0 65536 65536 131072 131072 196608 196608 262144 262144 327680 327680 393216 393216 458752 458752 524288 524288 589824 589824 655360
12 10 0 65536 65536 131072 131072 196608 196608 262144 262144 327680 327680 393216 393216 458752 458752 524288 524288 589824 589824 655360
13 10 0 65536 65536 131072 131072 196608 196608 262144 262144 327680 327680 393216 393216 458752 458752 524288 524288 589824 589824 655360
14 10 0 65536 65536 131072 131072 196608 196608 262144 262144 327680 327680 393216 393216 458752 458752 524288 524288 589824 589824 655360
15 10 0 65536 65536 131072 131072 196608 196608 262144 262144 327680 327680 393216 393216 458752 458752 524288 524288 589824 589824 655360
16 10 0 65536 65536 131072 131072 196608 196608 262144 262144 327680 327680 393216 393216 458752 458752 524288 524288 589824 589824 655360
17 10 0 65536 65536 131072 131072 196608 196608 262144 262144 327680 327680 393216 393216 458752 458752 524288 524288 589824 589824 655360
18 10 0 65536 65536 131072 131072 196608 196608 262144 262144 327680 327680 393216 393216 458752 458752 524288 524288 589824 589824 655360
19 10 0 65536 65536 131072 131072 196608 196608 262144 262144 327680 327680 393216 393216 458752 458752 524288 524288 589824 589824 655360
20 10 0 65536 65536 131072 131072 196608 196608 262144 262144 327680 327680 393216 393216 458752 458752 524288 524288 589824 589824 655360
21 10 0 65536 65536 131072 131072 196608 196608 262144 262144 327680 327680 393216 393216 458752 458752 524288 524288 589824 589824 655360
22 10 0 65536 65536 131072 131072 196608 196608 262144 262144 327680 327680 393216 393216 458752 458752 524288 524288 589824 589824 655360
23 10 0 65536 65536 131072 131072 196608 196608 262144 262144 327680 327680 393216 393216 458752 458752 524288 524288 589824 589824 655360
24 10 0 65536 65536 131072 131072 196608 196608 262144 262144 327680 327680 393216 393216 458752 458752 524288 524288 589824 589824 655360
25 10 0 65536 65536 131072 131072 196608 196608 262144 262144 327680 327680 393216 393216 458752 458752 524288 524288 589824 589824 655360
26 10 0 65536 65536 131072 131072 196608 196608 262144 262144 327680 327680 393216 393216 458752 458752 524288 524288 589824 589824 655360
27 10 0 65536 65536 131072 131072 196608 196608 262144 262144 327680 327680 393216 393216 458752 458752 524288 524288 589824 589824 655360
28 10 0 65536 65536 131072 131072 196608 196608 262144 262144 327680 327680 393216 393216 458752 458752 524288 524288 589824 589824 655360
29 10 0 65536 65536 131072 131072 196608 196608 262144 262144 327680 327680 393216 393216 458752 458752 524288 524288 589824 589824 655360
30 10 0 65536 65536 131072 131072 196608 196608 262144 262144 327680 327680 393216 393216 458752 458752 524288 524288 589824 589824 655360
31 10 0 65536 65536 131072 131072 196608 196608 262144 262144 327680 327680 393216 393216 458752 458752 524288 524288 589824 589824 655360
32 10 0 65536 65536 131072 131072 196608 196608 262144 262144 327680 327680 393216 393216 458752 458752 524288 524288 589824 589824 655360
33 10 0 65536 65536 131072 131072 196608 196608 262144 262144 327680 327680 393216 393216 458752 458752 524288 524288 589824 589824 655360
34 10 0 65536 65536 131072 131072 196608 196608 262144 262144 327680 327680 393216 393216 458752 458752 524288 524288 589824 589824 655360
35 10 0 65536 65536 131072 131072 196608 196608 262144 262144 327680 327680 393216 393216 458752 458752 524288 524288 589824 589824 655360
36 10 0 65536 65536 131072 131072 196608 196608 262144 262144 327680 327680 393216 393216 458752 458752 524288 524288 589824 589824 655360
37 10 0 65536 65536 131072 131072 196608 196608 262144 262144 327680 327680 393216 393216 458752 458752 524288 524288 589824 589824 655360
38 10 0 65536 65536 131072 131072 196608 196608 262144 262144 327680 327680 393216 393216 458752 458752 524288 524288 589824 589824 655360
39 10 0 65536 65536 131072 131072 196608 196608 262144 262144 327680 327680 393216 393216 458752 458752 524288 524288 589824 589824 655360
40 10 0 65536 65536 131072 131072 196608 196608 262144 262144 327680 327680 393216 393216 458752 458752 524288 524288 589824 589824 655360
41 10 0 65536 65536 131072 131072 196608 196608 262144 262144 327680 327680 393216 393216 458752 458752 524288 524288 589824 589824 655360
42 10 0 65536 65536 131072 131072 196608 196608 262144 262144 327680 327680 393216 393216 458752 458752 524288 524288 589824 589824 655360
43 10 0 65536 65536 131072 131072 196608 196608 262144 262144 327680 327680 393216 393216 458752 458752 524288 524288 589824 589824 655360
44 10 0 65536 65536 131072 131072 196608 196608 262144 262144 327680 327680 393216 393216 458752 458752 524288 524288 589824 589824 655360
45 10 0 65536 65536 131072 131072 196608 196608 262144 262144 327680 327680 393216 393216 458752 458752 524288 524288 589824 589824 655360
46 10 0 65536 65536 131072 131072 196608 196608 262144 262144 327680 327680 393216 393216 458752 458752 524288 524288 589824 589824 655360
47 10 0 65536 65536 131072 131072 196608 196608 262144 262144 327680 327680 393216 393216 458752 458752 524288 524288 589824 589824 655360
48 10 0 65536 65536 131072 131072 196608 196608 262144 262144 327680 327680 393216 393216 458752 458752 524288 524288 589824 589824 655360
49 10 0 65536 65536 131072 131072 196608 196608 262144 262144 327680 327680 393216 393216 458752 458752 524288 524288 589824 589824 655360
50 10 0 65536 65536 131072 131072 196608 196608 262144 262144 327680 327680 393216 393216 458752 458752 524288 524288 589824 589824 655360
51 10 0 65536 65536 131072 131072 196608 196608 262144 262144 327680 327680 393216 393216 458752 458752 524288 524288 589824 589824 655360
52 10 0 65536 65536 131072 131072 196608 196608 262144 262144 327680 327680 393216 393216 458752 458752 524288 524288 589824 589824 655360
53 10 0 65536 65536 131072 131072 196608 196608 262144 262144 327680 327680 393216 393216 458752 458752 524288 524288 589824 589824 655360
54 10 0 65536 65536 131072 131072 196608 196608 262144 262144 327680 327680 393216 393216 458752 458752 524288 524288 589824 589824 655360
55 10 0 65536 65536 131072 131072 196608 196608 262144 262144 327680 327680 393216 393216 458752 458752 524288 524288 589824 589824 655360
56 10 0 65536 65536 131072 131072 196608 196608 262144 262144 327680 327680 393216 393216 458752 458752 524288 524288 589824 589824 655360
57 10 0 65536 65536 131072 131072 196608 196608 262144 262144 327680 327680 393216 393216 458752 458752 524288 524288 589824 589824 655360
58 10 0 65536 65536 131072 131072 196608 196608 262144 262144 327680 327680 393216 393216 458752 458752 524288 524288 589824 589824 655360
59 10 0 65536 65536 131072 131072 196608 196608 262144 262144 327680 327680 393216 393216 458752 458752 524288 524288 589824 589824 655360
60 10 0 65536 65536 131072 131072 196608 196608 262144 262144 327680 327680 393216 393216 458752 458752 524288 524288 589824 589824 655360
61 10 0 65536 65536 131072 131072 196608 196608 262144 262144 327680 327680 393216 393216 458752 458752 524288 524288 589824 589824 655360
62 10 0 65536 65536 131072 131072 196608 196608 262144 262144 327680 327680 393216 393216 458752 458752 524288 524288 589824 589824 655360
63 10 0 65536 65536 131072 131072 196608 196608 262144 262144 327680 327680 393216 393216 458752 458752 524288 524288 589824 589824 655360
64 10 0 65536 65536 131072 131072 196608 196608 262144 262144 327680 327680 393216 393216 458752 458752 524288 524288 589824 589824 655360
65 10 0 65536 65536 131072 131072 196608 196608 262144 262144 327680 327680 393216 393216 458752 458752 524288 524288 589824 589824 655360
66 10 0 65536 65536 131072 131072 196608 196608 262144 262144 327680 327680 393216 393216 458752 458752 524288 524288 589824 589824 655360
67 10 0 65536 65536 131072 131072 196608 196608 262144 262144 327680 327680 393216 393216 458752 458752 524288 524288 589824 589824 655360
68 10 0 65536 65536 131072 131072 196608 196608 262144 262144 327680 327680 393216 393216 458752 458752 524288 524288 589824 589824 655360
69 10 0 65536 65536 131072 131072 196608 196608 262144 262144 327680 327680 393216 393216 458752 458752 524288 524288 589824 589824 655360
70 10 0 65536 65536 131072 131072 196608 196608 262144 262144 327680 327680 393216 393216 458752 458752 524288 524288 589824 589824 655360
71 10 0 65536 65536 131072 131072 196608 196608 262144 262144 327680 327680 393216 393216 458752 458752 524288 524288 589824 589824 655360
72 10 0 65536 65536 131072 131072 196608 196608 262144 262144 327680 327680 393216 393216 458752 458752 524288 524288 589824 589824 655360
73 10 0 65536 65536 131072 131072 196608 196608 262144 262144 327680 327680 393216 393216 458752 458752 524288 524288 589824 589824 655360
74 10 0 65536 65536 131072 131072 196608 196608 262144 262144 327680 327680 393216 393216 458752 458752 524288 524288 589824 589824 655360
75 10 0 65536 65536 131072 131072 196608 196608 262144 262144 327680 327680 393216 393216 458752 458752 524288 524288 589824 589824 655360
76 10 0 65536 65536 131072 131072 196608 196608 262144 262144 327680 327680 393216 393216 458752 458752 524288 524288 589824 589824 655360
77 10 0 65536 65536 131072 131072 196608 196608 262144 262144 327680 327680 393216 393216 458752 458752 524288 524288 589824 589824 655360
78 10 0 65536 65536 131072 131072 196608 196608 262144 262144 327680 327680 393216 393216 458752 458752 524288 524288 589824 589824 655360
79 10 0 65536 65536 131072 131072 196608 196608 262144 262144 327680 327680 393216 393216 458752 458752 524288 524288 589824 589824 655360
80 10 0 65536 65536 131072 131072 196608 196608 262144 262144 327680 327680 393216 393216 458752 458752 524288 524288 589824 589824 655360
81 10 0 65536 65536 131072 131072 196608 196608 262144 262144 327680 327680 393216 393216 458752 458752 524288 524288 589824 589824 655360
82 10 0 65536 65536 131072 131072 196608 196608 262144 262144 327680 327680 393216 393216 458752 458752 524288 524288 589824 589824 655360
83 10 0 65536 65536 131072 131072 196608 196608 262144 262144 327680 327680 393216 393216 458752 458752 524288 524288 589824 589824 655360
84 10 0 65536 65536 131072 131072 196608 196608 262144 262144 327680 327680 393216 393216 458752 458752 524288 524288 589824 589824 655360
85 10 0 65536 65536 131072 131072 196608 196608 262144 262144 327680 327680 393216 393216 458752 458752 524288 524288 589824 589824 655360
86 10 0 65536 65536 131072 131072 196608 196608 262144 262144 327680 327680 393216 393216 458752 458752 524288 524288 589824 589824 655360
87 10 0 65536 65536 131072 131072 196608 196608 262144 262144 327680 327680 393216 393216 458752 458752 524288 524288 589824 589824 655360
88 10 0 65536 65536 131072 131072 196608 196608 262144 262144 327680 327680 393216 393216 458752 458752 524288 524288 589824 589824 655360
89 10 0 65536 65536 131072 131072 196608 196608 262144 262144 327680 327680 393216 393216 458752 458752 524288 524288 589824 589824 655360
90 10 0 65536 65536 131072 131072 196608 196608 262144 262144 327680 327680 393216 393216 458752 458752 524288 524288 589824 589824 655360
91 10 0 65536 65536 131072 131072 196608 196608 262144 262144 327680 327680 393216 393216 458752 458752 524288 524288 589824 589824 655360
92 10 0 65536 65536 131072 131072 196608 196608 262144 262144 327680 327680 393216 393216 458752 458752 524288 524288 589824 589824 655360
93 10 0 65536 65536 131072 131072 196608 196608 262144 262144 327680 327680 393216 393216 458752 458752 524288 524288 589824 589824 655360
94 10 0 65536 65536 131072 131072 196608 196608 262144 262144 327680 327680 393216 393216 458752 458752 524288 524288 589824 589824 655360
95 10 0 65536 65536 131072 131072 196608 196608 262144 262144 327680 327680 393216 393216 458752 458752 524288 524288 589824 589824 655360
96 10 0 65536 65536 131072 131072 196608 196608 262144 262144 327680 327680 393216 393216 458752 458752 524288 524288 589824 589824 655360
97 10 0 65536 65536 131072 131072 196608 196608 262144 262144 327680 327680 393216 393216 458752 458752 524288 524288 589824 589824 655360
98 10 0 65536 65536 131072 131072 196608 196608 262144 262144 327680 327680 393216 393216 458752 458752 524288 524288 589824 589824 655360
99 10 0 65536 65536 131072 131072 196608 196608 262144 262144 327680 327680 393216 393216 458752 458752 524288 524288 589824 589824 655360
100 10 0 65536 65536 131072 131072 196608 196608 262144 262144 327680 327680 393216 393216 458752 458752 524288 524288 589824 589824 655360
101 10 0 65536 65536 131072 131072 196608 196608 262144 262144 327680 327680 393216 393216 458752 458752 524288 524288 589824 589824 655360
102 10 0 65536 65536 131072 131072 196608 196608 262144 262144 327680 327680 393216 393216 458752 458752 524288 524288 589824 589824 655360
103 10 0 65536 65536 131072 131072 196608 196608 262144 262144 327680 327680 393216 393216 458752 458752 524288 524288 589824 589824 655360
104 10 0 65536 65536 131072 131072 196608 196608 262144 262144 327680 327680 393216 393216 458752 458752 524288 524288 589824 589824 655360
105 10 0 65536 65536 131072 131072 196608 196608 262144 262144 327680 327680 393216 393216 458752 458752 524288 524288 589824 589824 655360
106 10 0 65536 65536 131072 131072 196608 196608 262144 262144 327680 327680 393216 393216 458752 458752 524288 524288 589824 589824 655360
107 10 0 65536 65536 131072 131072 196608 196608 262144 262144 327680 327680 393216 393216 458752 458752 524288 524288 589824 589824 655360
108 10 0 65536 65536 131072 131072 196608 196608 262144 262144 327680 327680 393216 393216 458752 458752 524288 524288 589824 589824 655360
109 10 0 65536 65536 131072 131072 196608 196608 262144 262144 327680 327680 393216 393216 458752 458752 524288 524288 589824 589824 655360
110 10 0 65536 65536 131072 131072 196608 196608 262144 262144 327680 327680 393216 393216 458752 458752 524288 524288 589824 589824 655360
111 10 0 65536 65536 131072 131072 196608 196608 262144 262144 327680 327680 393216 393216 458752 458752 524288 524288 589824 589824 655360
112 10 0 65536 65536 131072 131072 196608 196608 262144 262144 327680 327680 393216 393216 458752 458752 524288 524288 589824 589824 655360
113 10 0 65536 65536 131072 131072 196608 196608 262144 262144 327680 327680 393216 393216 458752 458752 524288 524288 589824 589824 655360
114 10 0 65536 65536 131072 131072 196608 196608 262144 262144 327680 327680 393216 393216 458752 458752 524288 524288 589824 589824 655360
115 10 0 65536 65536 131072 131072 196608 196608 262144 262144 327680 327680 393216 393216 458752 458752 524288 524288 589824 589824 655360
116 10 0 65536 65536 131072 131072 196608 196608 262144 262144 327680 327680 393216 393216 458752 458752 524288 524288 589824 589824 655360
117 10 0 65536 65536 131072 131072 196608 196608 262144 262144 327680 327680 393216 393216 458752 458752 524288 524288 589824 589824 655360
118 10 0 65536 65536 131072 131072 196608 196608 262144 262144 327680 327680 393216 393216 458752 458752 524288 524288 589824 589824 655360
119 10 0 65536 65536 131072 131072 196608 196608 262144 262144 327680 327680 393216 393216 458752 458752 524288 524288 589824 589824 655360
120 10 0 65536 65536 131072 131072 196608 196608 262144 262144 327680 327680 393216 393216 458752 458752 524288 524288 589824 589824 655360
121 10 0 65536 65536 131072 131072 196608 196608 262144 262144 327680 327680 393216 393216 458752 458752 524288 524288 589824 589824 655360
122 10 0 65536 65536 131072 131072 196608 196608 262144 262144 327680 327680 393216 393216 458752 458752 524288 524288 589824 589824 655360
123 10 0 65536 65536 131072 131072 196608 196608 262144 262144 327680 327680 393216 393216 458752 458752 524288 524288 589824 589824 655360
124 10 0 65536 65536 131072 131072 196608 196608 262144 262144 327680 327680 393216 393216 458752 458752 524288 524288 589824 589824 655360
125 10 0 65536 65536 131072 131072 196608 196608 262144 262144 327680 327680 393216 393216 458752 458752 524288 524288 589824 589824 655360
126 10 0 65536 65536 131072 131072 196608 196608 262144 262144 327680 327680 393216 393216 458752 458752 524288 524288 589824 589824 655360
127 10 0 65536 65536 131072 131072 196608 196608 262144 262144 327680 327680 393216 393216 458752 458752 524288 524288 589824 589824 655360
128 10 0 65536 65536 131072 131072 196608 196608 262144 262144 327680 327680 393216 393216 458752 458752 524288 524288 589824 589824 655360
129 10 0 65536 65536 131072 131072 196608 196608 262144 262144 327680 327680 393216 393216 458752 458752 524288 524288 589824 589824 655360
130 10 0 65536 65536 131072 131072 196608 196608 262144 262144 327680 327680 393216 393216 458752 458752 524288 524288 589824 589824 655360
131 10 0 65536 65536 131072 131072 196608 196608 262144 262144 327680 327680 393216 393216 458752 458752 524288 524288 589824 589824 655360
132 10 0 65536 65536 131072 131072 196608 196608 262144 262144 327680 327680 393216 393216 458752 458752 524288 524288 589824 589824 655360
133 10 0 65536 65536 131072 131072 196608 196608 262144 262144 327680 327680 393216 393216 458752 458752 524288 524288 589824 589824 655360
134 10 0 65536 65536 131072 131072 196608 196608 262144 262144 327680 327680 393216 393216 458752 458752 524288 524288 589824 589824 655360
135 10 0 65536 65536 131072 131072 196608 196608 262144 262144 327680 327680 393216 393216 458752 458752 524288 524288 589824 589824 655360
136 10 0 65536 65536 131072 131072 196608 196608 262144 262144 327680 327680 393216 393216 458752 458752 524288 524288 589824 589824 655360
137 10 0 65536 65536 131072 131072 196608 196608 262144 262144 327680 327680 393216 393216 458752 458752 524288 524288 589824 589824 655360
138 10 0 65536 65536 131072 131072 196608 196608 262144 262144 327680 327680 393216 393216 458752 458752 524288 524288 589824 589824 655360
139 10 0 65536 65536 131072 131072 196608 196608 262144 262144 327680 327680 393216 393216 458752 458752 524288 524288 589824 589824 655360
140 10 0 65536 65536 131072 131072 196608 196608 262144 262144 327680 327680 393216 393216 458752 458752 524288 524288 589824 589824 655360
141 10 0 65536 65536 131072 131072 196608 196608 262144 262144 327680 327680 393216 393216 458752 458752 524288 524288 589824 589824 655360
142 10 0 65536 65536 131072 131072 196608 196608 262144 262144 327680 327680 393216 393216 458752 458752 524288 524288 589824 589824 655360
143 10 0 65536 65536 131072 131072 196608 196608 262144 262144 327680 327680 393216 393216 458752 458752 524288 524288 589824 589824 655360
144 10 0 65536 65536 131072 131072 196608 196608 262144 262144 327680 327680 393216 393216 458752 458752 524288 524288 589824 589824 655360
145 10 0 65536 65536 131072 131072 196608 196608 262144 262144 327680 327680 393216 393216 458752 458752 524288 524288 589824 589824 655360
146 10 0 65536 65536 131072 131072 196608 196608 262144 262144 327680 327680 393216 393216 458752 458752 524288 524288 589824 589824 655360
147 10 0 65536 65536 131072 131072 196608 196608 262144 262144 327680 327680 393216 393216 458752 458752 524288 524288 589824 589824 655360
148 10 0 65536 65536 131072 131072 196608 196608 262144 262144 327680 327680 393216 393216 458752 458752 524288 524288 589824 589824 655360
149 10 0 65536 65536 131072 131072 196608 196608 262144 262144 327680 327680 393216 393216 458752 458752 524288 524288 589824 589824 655360
150 10 0 65536 65536 131072 131072 196608 196608 262144 262144 327680 327680 393216 393216 458752 458752 524288 524288 589824 589824 655360
151 10 0 65536 65536 131072 131072 196608 196608 262144 262144 327680 327680 393216 393216 458752 458752 524288 524288 589824 589824 655360
152 10 0 65536 65536 131072 131072 196608 196608 262144 262144 327680 327680 393216 393216 458752 458752 524288 524288 589824 589824 655360
153 10 0 65536 65536 131072 131072 196608 196608 262144 262144 327680 327680 393216 393216 458752 458752 524288 524288 589824 589824 655360
154 10 0 65536 65536 131072 131072 196608 196608 262144 262144 327680 327680 393216 393216 458752 458752 524288 524288 589824 589824 655360
155 10 0 65536 65536 131072 131072 196608 196608 262144 262144 327680 327680 393216 393216 458752 458752 524288 524288 589824 589824 655360
156 10 0 65536 65536 131072 131072 196608 196608 262144 262144 327680 327680 393216 393216 458752 458752 524288 524288 589824 589824 655360
157 10 0 65536 65536 131072 131072 196608 196608 262144 262144 327680 327680 393216 393216 458752 458752 524288 524288 589824 589824 655360
158 10 0 65536 65536 131072 131072 196608 196608 262144 262144 327680 327680 393216 393216 458752 458752 524288 524288 589824 589824 655360
159 10 0 65536 65536 131072 131072 196608 196608 262144 262144 327680 327680 393216 393216 458752 458752 524288 524288 589824 589824 655360
160 10 0 65536 65536 131072 131072 196608 196608 262144 262144 327680 327680 393216 393216 458752 458752 524288 524288 589824 589824 655360
161 10 0 65536 65536 131072 131072 196608 196608 262144 262144 327680 327680 393216 393216 458752 458752 524288 524288 589824 589824 655360
162 10 0 65536 65536 131072 131072 196608 196608 262144 262144 327680 327680 393216 393216 458752 458752 524288 524288 589824 589824 655360
163 10 0 65536 65536 131072 131072 196608 196608 262144 262144 327680 327680 393216 393216 458752 458752 524288 524288 589824 589824 655360
164 10 0 65536 65536 131072 131072 196608 196608 262144 262144 327680 327680 393216 393216 458752 458752 524288 524288 589824 589824 655360
165 10 0 65536 65536 131072 131072 196608 196608 262144 262144 327680 327680 393216 393216 458752 458752 524288 524288 589824 589824 655360
166 10 0 65536 65536 131072 131072 196608 196608 262144 262144 327680 327680 393216 393216 458752 458752 524288 524288 589824 589824 655360
167 10 0 65536 65536 131072 131072 196608 196608 262144 262144 327680 327680 393216 393216 458752 458752 524288 524288 589824 589824 655360
168 10 0 65536 65536 131072 131072 196608 196608 262144 262144 327680 327680 393216 393216 458752 458752 524288 524288 589824 589824 655360
169 10 0 65536 65536 131072 131072 196608 196608 262144 262144 327680 327680 393216 393216 458752 458752 524288 524288 589824 589824 655360
170 10 0 65536 65536 131072 131072 196608 196608 262144 262144 327680 327680 393216 393216 458752 458752 524288 524288 589824 589824 655360
171 10 0 65536 65536 131072 131072 196608 196608 262144 262144 327680 327680 393216 393216 458752 458752 524288 524288 589824 589824 655360
172 10 0 65536 65536 131072 131072 196608 196608 262144 262144 327680 327680 393216 393216 458752 458752 524288 524288 589824 589824 655360
173 10 0 65536 65536 131072 131072 196608 196608 262144 262144 327680 327680 393216 393216 458752 458752 524288 524288 589824 589824 655360
174 10 0 65536 65536 131072 131072 196608 196608 262144 262144 327680 327680 393216 393216 458752 458752 524288 524288 589824 589824 655360
175 10 0 65536 65536 131072 131072 196608 196608 262144 262144 327680 327680 393216 393216 458752 458752 524288 524288 589824 589824 655360
176 10 0 65536 65536 131072 131072 196608 196608 262144 262144 327680 327680 393216 393216 458752 458752 524288 524288 589824 589824 655360
177 10 0 65536 65536 131072 131072 196608 196608 262144 262144 327680 327680 393216 393216 458752 458752 524288 524288 589824 589824 655360
178 10 0 65536 65536 131072 131072 196608 196608 262144 262144 327680 327680 393216 393216 458752 458752 524288 524288 589824 589824 655360
179 10 0 65536 65536 131072 131072 196608 196608 262144 262144 327680 327680 393216 393216 458752 458752 524288 524288 589824 589824 655360
180 10 0 65536 65536 131072 131072 196608 196608 262144 262144 327680 327680 393216 393216 458752 458752 524288 524288 589824 589824 655360
181 10 0 65536 65536 131072 131072 196608 196608 262144 262144 327680 327680 393216 393216 458752 458752 524288 524288 589824 589824 655360
182 10 0 65536 65536 131072 131072 196608 196608 262144 262144 327680 327680 393216 393216 458752 458752 524288 524288 589824 589824 655360
183 10 0 65536 65536 131072 131072 196608 196608 262144 262144 327680 327680 393216 393216 458752 458752 524288 524288 589824 589824 655360
184 10 0 65536 65536 131072 131072 196608 196608 262144 262144 327680 327680 393216 393216 458752 458752 524288 524288 589824 589824 655360
185 10 0 65536 65536 131072 131072 196608 196608 262144 262144 327680 327680 393216 393216 458752 458752 524288 524288 589824 589824 655360
186 10 0 65536 65536 131072 131072 196608 196608 262144 262144 327680 327680 393216 393216 458752 458752 524288 524288 589824 589824 655360
187 10 0 65536 65536 131072 131072 196608 196608 262144 262144 327680 327680 393216 393216 458752 458752 524288 524288 589824 589824 655360
188 10 0 65536 65536 131072 131072 196608 196608 262144 262144 327680 327680 393216 393216 458752 458752 524288 524288 589824 589824 655360
189 10 0 65536 65536 131072 131072 196608 196608 262144 262144 327680 327680 393216 393216 458752 458752 524288 524288 589824 589824 655360
190 10 0 65536 65536 131072 131072 196608 196608 262144 262144 327680 327680 393216 393216 458752 458752 524288 524288 589824 589824 655360
191 10 0 65536 65536 131072 131072 196608 196608 262144 262144 327680 327680 393216 393216 458752 458752 524288 524288 589824 589824 655360
192 10 0 65536 65536 131072 131072 196608 196608 262144 262144 327680 327680 393216 393216 458752 458752 524288 524288 589824 589824 655360
193 10 0 65536 65536 131072 131072 196608 196608 262144 262144 327680 327680 393216 393216 458752 458752 524288 524288 589824 589824 655360
194 10 0 65536 65536 131072 131072 196608 196608 262144 262144 327680 327680 393216 393216 458752 458752 524288 524288 589824 589824 655360
195 10 0 65536 65536 131072 131072 196608 196608 262144 262144 327680 327680 393216 393216 458752 458752 524288 524288 589824 589824 655360
196 10 0 65536 65536 131072 131072 196608 196608 262144 262144 327680 327680 393216 393216 458752 458752 524288 524288 589824 589824 655360
197 10 0 65536 65536 131072 131072 196608 196608 262144 262144 327680 327680 393216 393216 458752 458752 524288 524288 589824 589824 655360
198 10 0 65536 65536 131072 131072 196608 196608 262144 262144 327680 327680 393216 393216 458752 458752 524288 524288 589824 589824 655360
