#StripeID,rangenumber,BlockOffsetStart,BlockOffsetEnd
0 66 0 983040 1290240 1294336 1327104 1343488 1368064 1376256 1441792 1622016 1720320 1785856 1794048 1798144 1806336 1822720 1843200 1863680 1871872 1908736 1949696 1957888 1961984 1966080 2015232 2019328 2035712 2039808 2154496 2158592 2203648 2207744 2375680 2441216 2551808 2555904 2613248 2616320 2629632 2646016 2654208 2658304 2744320 2834432 2945024 2953216 3047424 3055616 3100672 3145728 3145728 4194304 4194304 5242880 5242880 5656064 5660160 5664256 5672960 5677056 5693440 5955584 6004736 6008832 6234112 6238208 6303744 6311936 6324224 6332416 6426624 6488064 6639616 6646784 6766592 6770688 6959104 6960128 6967296 7032832 7057408 7073792 7077888 7139328 7270400 7335936 7360512 7372800 7491584 7495680 7593984 7598080 7602176 8126464 8253440 8257536 8343552 8376320 8388608 8658944 8716288 8720384 8769536 8773632 8790016 8794112 8830976 8835072 8839168 8880128 8945664 8949760 9043968 9306112 9326080 9334272 9453568 9465856 9572352 9613312 9654272 9658368 9940992 10039296 10071552 10075648 10293248 10297344 10309632 10313728 10326016 10485760
1 92 0 372736 524288 528384 540672 573440 585728 618496 622592 913408 921600 933888 966656 970752 1044480 1048576 1105920 1142784 1224192 1228288 1241088 1372160 1413120 1417216 1499136 1503232 1548288 1552384 1589248 1593344 1716224 1720320 1839104 1843200 1929216 1937408 1957888 1961984 1966080 1974272 2047488 2051584 2125824 2129920 2166784 2170880 2179072 2183168 2248192 2252288 2305536 2309632 2347008 2351104 2354688 2362880 2408448 2502656 2588672 3145728 3182592 3186688 3284992 3289088 3309568 3387392 3424256 3428352 3457024 3461120 3596288 3600384 3645440 3649536 3702784 3715072 3751936 3764224 3788800 3891200 4087808 4091904 4124672 4128768 4141056 4149248 4157440 4194304 4194304 4218880 4304896 4308992 4395008 4403200 4624384 4628480 4644864 4898816 4915200 4919296 5009408 5025792 5033984 5185536 5234688 5238784 5259264 5300224 5373952 5439488 5525504 5722112 5791744 5795840 5836800 5840896 5881856 5885952 6012928 6017024 6045696 6062080 6090752 6094848 6144000 6148096 6291456 6295552 6348288 6352384 6373376 6430720 6443008 6500352 6639616 6643712 6668288 6668800 6672384 6676480 6680576 6684672 6733824 6766592 6828032 6832128 6844416 6848000 6877184 6881280 6942720 6946816 7048704 7052800 7073792 7094272 7102464 7110656 7118848 7122944 7123456 7241728 7270400 7340032 7340032 8388608 8388608 9408000 9444864 9494016 9498112 9743872 9854464 9858560 9924608 9990144 10022912 10051584 10125312 10129408 10399744 10420224 10428416 10452992
2 31 12288 20480 372736 380928 503296 507392 520192 532480 704512 716800 753664 765952 811008 851968 884736 888832 1290240 1294336 1507328 1572864 1589248 1654784 1667072 1671168 1953792 1966080 1994752 2060288 2154496 2158592 2244608 3145728 3145728 4194304 4194304 5242880 5242880 6291456 6291456 7340032 7340032 8323072 8339456 8372224 8384512 8388608 8532480 8749056 8753152 9437184 9437184 10219520 10223616 10289152 10321920 10326016 10334208 10350592 10403328 10407424 10444800 10485760
3 82 0 1048576 1048576 1179648 1515520 1519616 1609728 1613824 1826816 1830912 2015232 2019328 2076672 2093056 2129408 2178560 2182656 2424320 2478080 2482176 2580480 2584576 2620928 2670080 2674176 2833920 3153920 3158016 3227648 3760128 3825664 3829760 3846144 3850240 3874816 3877888 3956736 3969024 4063232 4141056 4194304 4333568 4374528 4456448 4489216 4493312 4521984 4538368 4574720 4587008 4632576 4636672 4653056 4718592 4722688 4726784 4837376 5242880 5386240 5443584 5447680 5529600 5561856 5570048 5578752 5586944 5640192 5644288 5652480 5718016 5779456 5791744 5890048 5894144 5914624 5980160 6102528 6106624 6144000 6148096 6152192 6176768 6209536 6213632 6393856 6396416 6426624 6430720 6479872 6488064 6500352 6524928 6565888 6569984 6590464 6656000 7081984 7089152 7163904 7168000 7262208 7266304 7417856 7421952 7438336 7450624 7553024 7557632 7589376 7593472 7639040 7643136 7770112 7790592 7806976 7811072 7868416 7872512 7897088 7905280 7938048 7942144 7979008 7980544 8007680 8032256 8052736 8077312 8130560 8134656 8245248 8249344 8261632 8306688 8343552 8388608 8388608 8425472 8450048 8454144 8482816 8486912 8568832 8572928 8674816 8678912 8749056 8753152 8814592 8818688 8941568 9056256 9109504 9240576 9289728 9291776 9297920 9371648 9392640 9437184 9437184 9928704 9940992 10485760
4 85 0 200704 204800 1007616 1036288 1044480 1224704 1245184 1474560 1781760 1847296 1859584 1871872 1884160 1961984 1978368 1998848 2015232 2035712 2043904 2068480 2080768 2293760 2359296 2539520 2543616 2617344 2760704 2777088 2781184 2883584 3080192 3231744 3235840 3248128 3264512 3301376 3305472 3391488 3395584 3411968 3416064 3424256 3473408 3502080 3522560 3538944 3543040 3600384 3743744 3887104 3887616 3891200 3895296 3899392 3903488 4366336 4370432 4378112 4382208 4386304 4427264 4464640 4467712 4481024 4485120 4595712 4599808 4624384 4627456 4681728 4685824 4763648 4767744 4771840 4775936 4857856 4861952 5070848 5091328 5132288 5136384 5144064 5168640 5173248 5177344 5316608 5332992 5488640 5496832 5570560 5701632 5840896 5848576 5992448 5996544 6057984 6094848 6131712 6148096 6291456 6356992 6483968 6549504 6717440 6746112 6795264 6905856 6938624 7040512 7081984 7086080 7176192 7184384 7196672 7200768 7208960 7245824 7266304 7282688 7405568 7471104 7478784 7482880 7544832 7557120 7642624 7646720 7651328 7667712 7725056 7729152 7864320 7934464 8024064 8028160 8044544 8052736 8179200 8199680 8323072 8388608 8388608 8716288 8777728 8781824 8809984 8814080 8830976 8839168 8842752 8846848 8937472 9007104 9089024 9093120 9117696 9121792 9154560 9175040 9388032 9392128 9584640 9617408 9633792 9637888 9654272 9658368 9830400 10358784
5 110 32768 36864 102400 110592 323584 335872 397312 413696 442368 446464 470528 475136 479232 528384 827392 843776 856064 872448 1126400 1146880 1531904 1548288 1560064 1564160 1629696 1633792 1646592 1662976 1675264 1679360 1716224 1720320 1884160 1888256 1949696 1953792 1994752 2072576 2129920 2134016 2138112 2142208 2199552 2232320 2338816 2342912 2457600 2519040 2555904 2560000 2584576 2586624 2678784 2682880 2760704 2764800 2805760 2871296 3022336 3034624 3194880 3198976 3280896 3293184 3477504 3481600 3522560 3526656 3596288 3612672 3616768 3670016 3731456 3735552 3850240 3981312 4005888 4009984 4173824 4182016 4284416 4300800 4304896 4308992 4358144 4362240 4378624 4382720 4439552 4447744 4492800 4554240 4554752 4558848 4567040 4620288 4628480 4632576 4640768 4669440 4673536 4677632 4694016 4698112 4726784 4730880 4747264 4755456 5050368 5050880 5132288 5136384 5230592 5234688 5332992 5349376 5373952 5898240 5910528 5914624 5922816 5926912 5931008 5935104 5963776 5967872 5988352 5996544 6000640 6004736 6029312 6033408 6070272 6074368 6205440 6209536 6234112 6250496 6303744 6372864 6376960 6548992 6565888 6569984 6795264 6799360 6815232 6864384 6868480 7159296 7168000 7172096 7208960 7213056 7221248 7225344 7303168 7307264 7458816 7462912 7471104 7495680 7593472 7597568 7675904 7680000 7696384 7700480 7716864 7725056 7819264 7839744 7864320 7868416 7942144 7958528 7966720 7970816 7991296 7995392 8122368 8126464 8212480 8228864 8253440 8257536 8437760 8441856 8511488 8577024 8748544 8785408 8855552 8888320 8990720 9007104 9060352 9064448 9195520 9199616 9220096 9240576 9273344 9293824 9531392 9535488 9601024 9605120 9617408 9629696 9666048 9670144 9826304 9891840 9990144 10014720 10055680 10059776 10420224 10424320
6 67 12288 28672 93696 351744 393216 405504 446464 450560 458752 462848 471040 499712 548864 552960 561152 565248 593920 630784 634880 1048576 1048576 2097152 2097152 3145728 3145728 3485696 3497984 3604480 3653632 3661824 3690496 3694592 3715072 3747840 3866624 3874816 4059136 4067328 4111872 4115968 4308992 4341760 4496896 4500992 4501504 4513792 4550656 4567040 4575232 4579328 4603904 4608000 4702208 4706304 4726784 4734976 4813312 4828160 4927488 4931584 5070848 5079040 5132288 5197824 5218304 5234688 5242368 5242880 5242880 5762560 5763072 5767168 5849088 5853184 5881856 5885952 6090752 6094848 6111232 6127616 6209536 6291456 6291456 6307328 6311424 7200256 7200768 7207424 7344128 7348224 7380992 7385088 7434240 7438336 7502336 7511040 7712768 7716864 8101376 8105472 8114176 8114688 8118272 8122368 8126464 8388608 8388608 8556544 8609792 8610816 8691712 8724480 8998912 9023488 9056256 9121792 9170944 9175040 9256960 9261056 9285632 9289728 9437184 9719808 9732096 9801728 9924608 9928704 10092544 10186752 10240000 10244096 10358784 10362880
7 55 0 1048576 1167360 1171456 1200128 1462272 1572864 2048000 2072576 2076672 2088960 2097152 2129408 2178560 2182656 2486272 2514944 2519040 2560000 2572288 2637824 2662400 2666496 2682880 2846720 2850816 2866688 2870784 2879488 2883584 2928640 2945024 2957312 3072000 3137536 3141632 3145216 3145728 3145728 3194368 3198464 3415552 3420160 3424256 3505664 3636736 3698688 3715072 3809280 3813376 4009984 4177920 4235264 4235776 4259328 4263424 4366336 4403200 4505600 4571136 4616192 4632576 4652544 4664832 4665344 4734976 4816896 4820992 4833280 4931072 4935168 5242880 5242880 5292032 5324800 5390336 5554176 5619712 5763072 5765120 5816320 5914624 5992448 6049792 6062080 6070272 6103040 6107136 6254080 6270464 6336000 6385152 6389248 6749696 6787072 6791168 6836224 6840320 6926336 6930432 6995968 7061504 7094784 7340032 7340032 8388608 8388608 9437184 9437184 10485760
8 75 0 225280 279040 655360 733184 749568 782336 1036288 1040384 1048576 1048576 1126400 1200128 1236992 1282048 1355776 1421312 1425408 1441792 1839104 1867776 1875968 1916928 1921024 1986048 1990144 2174464 2178560 2203648 2209280 2269184 2285568 2424832 2428928 2453504 2457600 2555904 2560000 2571776 2575872 2592768 2605056 2613248 2646016 2887680 2945024 3260416 3264512 3375104 3391488 3432448 3448832 3502080 3518464 3543040 3547136 3604480 3670016 3788800 3792896 3812864 3816960 3977216 3981312 4042752 4046848 4067328 4071424 4091904 4100096 4501504 4505600 4628480 4632576 4784128 4785664 4800512 4825088 4915200 4943872 4952064 4956160 4960256 5222400 5431296 5435392 5447680 5451776 5488640 5619712 5701632 5767168 5992448 6004736 6172672 6238208 6283264 6283776 6287360 6291456 6291456 6291968 6508544 6574080 6647808 6656000 6680576 6684672 6749696 6753792 6832128 7028736 7221248 7237632 7401472 7454720 7479296 7491584 7696384 7700480 7909376 7913472 8007680 8073216 8314880 8388608 8388608 8441856 8445440 8490496 8494592 8855040 8900608 8904704 8945152 8994304 8998400 9354752 9400320 9404416 9461760 9465856 9629696 9633792 9928704 9940992 10014720 10039296 10240000 10473472
9 50 8192 12288 167936 172032 196608 199168 212992 512000 516096 528384 540672 598016 626688 630784 679424 683520 692224 835584 901120 966656 974336 978432 982528 1031680 1035776 1048576 1048576 1383936 1478656 2052096 2093056 2097152 2097152 2551808 2555904 2564096 2572288 2596864 2703360 2711552 2719744 2723840 2953216 2961408 2977792 2981888 3051520 3145728 3145728 4194304 4194304 5190144 5255168 5283840 5291520 5295616 5300224 5304320 5525504 5537792 5574144 5905920 5914112 6291456 6291456 7340032 7340032 7798272 7897088 7979008 8138752 8142848 8351744 8359936 8376320 8379904 8523776 8527872 8613888 8617984 8695808 8699904 8847360 8851456 8888320 8953856 9048064 9060352 9089024 9097216 9138176 9142272 9240576 9273344 9306112 9314304 9371648 9437184 9437184 10485760
